   5.0000000e-01
   1.4000000e+00
   1.6666667e+00
   2.5714286e+00
   3.4285714e+00
   6.4285714e+00
   1.4571429e+01
   2.4285714e+01
   4.5714286e+01
   9.6000000e+01
   1.8328571e+02
   2.7400000e+02
   4.1871429e+02
   7.1357143e+02
   1.0538571e+03
   1.4561429e+03
   1.9348571e+03
   2.4188571e+03
   2.7041429e+03
   2.9250000e+03
   3.1320000e+03
   3.4242857e+03
   3.6961429e+03
   3.8874286e+03
   4.0462857e+03
   4.1662857e+03
   4.3062857e+03
   4.6718571e+03
   4.8091429e+03
   4.8911429e+03
   4.9912857e+03
   5.0700000e+03
   5.1252857e+03
   5.1570000e+03
   5.1890000e+03
   5.2727143e+03
   5.2908571e+03
   5.1942857e+03
   5.0285714e+03
   5.0094286e+03
   4.8815714e+03
   4.4470000e+03
   4.1755714e+03
   3.9328571e+03
   3.7128571e+03
   3.5808571e+03
   3.3580000e+03
   3.2802857e+03
   3.3490000e+03
   3.1942857e+03
   3.1328571e+03
   3.0344286e+03
   2.8842857e+03
   2.8018571e+03
   2.6104286e+03
   2.3958571e+03
   2.3480000e+03
   2.1900000e+03
   2.0730000e+03
   1.9804286e+03
   1.9037143e+03
   1.8728571e+03
   1.7671429e+03
   1.5937143e+03
   1.4590000e+03
   1.3470000e+03
   1.2315714e+03
   1.1742857e+03
   1.1271429e+03
   1.0815714e+03
   1.0491429e+03
   1.0400000e+03
   1.0218571e+03
   9.9242857e+02
   9.6785714e+02
   9.5400000e+02
   9.0585714e+02
   8.6557143e+02
   8.2900000e+02
   8.2300000e+02
   8.4628571e+02
   8.4200000e+02
   8.5728571e+02
   7.9585714e+02
   8.0257143e+02
   7.5457143e+02
   6.9414286e+02
   6.3728571e+02
   6.2171429e+02
   5.8785714e+02
   6.1957143e+02
   5.5100000e+02
   5.1871429e+02
   5.0028571e+02
   4.6657143e+02
   4.5242857e+02
   4.4771429e+02
   4.1357143e+02
   3.9200000e+02
   3.7028571e+02
   3.4828571e+02
   3.4928571e+02
   3.4200000e+02
   3.3957143e+02
   3.3000000e+02
   3.3000000e+02
   3.2900000e+02
   3.3114286e+02
   3.2428571e+02
   3.2528571e+02
   3.2414286e+02
   3.2728571e+02
   3.2185714e+02
   3.2542857e+02
   3.1400000e+02
   3.0771429e+02
   3.0814286e+02
   3.1228571e+02
   3.1728571e+02
   3.2585714e+02
   3.2800000e+02
   3.4485714e+02
   3.3285714e+02
   3.2057143e+02
   3.1400000e+02
   3.1314286e+02
   3.1600000e+02
   3.2185714e+02
   3.1842857e+02
   3.2900000e+02
   3.4885714e+02
   3.5857143e+02
   3.6600000e+02
   3.5771429e+02
   3.5800000e+02
   3.6071429e+02
   3.7585714e+02
   3.6971429e+02
   3.6300000e+02
   3.5171429e+02
   3.4285714e+02
   3.2700000e+02
   3.1242857e+02
   2.9614286e+02
   2.8714286e+02
   2.8200000e+02
   2.6900000e+02
   2.6500000e+02
   2.5914286e+02
   2.5414286e+02
   2.4885714e+02
   2.5400000e+02
   2.5328571e+02
   2.5828571e+02
   2.4028571e+02
   2.4185714e+02
   2.4385714e+02
   2.4285714e+02
   2.3871429e+02
   2.3842857e+02
   2.3328571e+02
   2.4414286e+02
   2.4728571e+02
   2.4557143e+02
   2.4871429e+02
   2.4742857e+02
   2.4842857e+02
   2.5142857e+02
   2.5428571e+02
   2.4528571e+02
   2.3828571e+02
   2.3471429e+02
   2.3257143e+02
   2.3400000e+02
   2.2885714e+02
   2.2885714e+02
   2.3685714e+02
   2.4357143e+02
   2.4757143e+02
   2.4642857e+02
   2.5157143e+02
   2.5414286e+02
   2.5571429e+02
   2.4971429e+02
   2.4957143e+02
   2.4242857e+02
   2.4642857e+02
   2.4942857e+02
   2.3542857e+02
   2.4957143e+02
   2.6128571e+02
   2.6842857e+02
   2.8028571e+02
   2.8685714e+02
   2.9485714e+02
   3.2971429e+02
   3.3285714e+02
   3.4757143e+02
   3.6442857e+02
   3.6142857e+02
   3.6357143e+02
   3.5742857e+02
   3.7128571e+02
   3.8300000e+02
   4.0528571e+02
   4.1971429e+02
   4.4414286e+02
   4.5314286e+02
   4.7628571e+02
   4.5900000e+02
   4.9128571e+02
   4.9042857e+02
   5.1371429e+02
   5.3400000e+02
   5.3671429e+02
   5.3000000e+02
   5.7700000e+02
   5.5528571e+02
   5.4600000e+02
   5.2042857e+02
   5.0885714e+02
   5.1100000e+02
   5.0328571e+02
   4.6742857e+02
   4.6985714e+02
   4.7585714e+02
   4.8685714e+02
   4.8400000e+02
   4.9142857e+02
   5.1014286e+02
   5.2600000e+02
   5.2785714e+02
   5.3800000e+02
   5.6028571e+02
   5.7414286e+02
   5.7700000e+02
   5.6985714e+02
   5.7971429e+02
   5.9985714e+02
   6.1828571e+02
   5.9857143e+02
   6.0614286e+02
   6.0857143e+02
   6.2842857e+02
   6.6528571e+02
   6.8828571e+02
   7.3542857e+02
   8.0942857e+02
   8.6414286e+02
   9.2728571e+02
   9.6828571e+02
   1.0528571e+03
   1.1521429e+03
   1.2131429e+03
   1.2648571e+03
   1.3301429e+03
   1.3558571e+03
   1.3712857e+03
   1.4122857e+03
   1.4311429e+03
   1.4615714e+03
   1.5124286e+03
   1.5522857e+03
   1.5901429e+03
   1.6261429e+03
   1.6954286e+03
   1.7445714e+03
   1.8328571e+03
   1.6842857e+03
   1.7594286e+03
   1.8380000e+03
   1.9441429e+03
   2.0267143e+03
   2.2031429e+03
   2.3115714e+03
   2.6155714e+03
   2.6895714e+03
   2.6962857e+03
   2.6767143e+03
   2.7352857e+03
   2.6997143e+03
   2.6962857e+03
   2.7254286e+03
   2.7485714e+03
   2.7941429e+03
   2.8545714e+03
   2.8941429e+03
   2.9828571e+03
   2.9374286e+03
   2.7627143e+03
   2.8267143e+03
   2.8768571e+03
   2.9010000e+03
   3.0091429e+03
   3.0694286e+03
   3.2202857e+03
   3.3760000e+03
   3.0358571e+03
   3.1640000e+03
   3.2414286e+03
   3.3920000e+03
   3.5497143e+03
   3.7127143e+03
   3.7662857e+03
   3.8082857e+03
   3.9148571e+03
   3.9974286e+03
   4.1708571e+03
   4.3064286e+03
   4.4065714e+03
   4.7000000e+03
   5.2661429e+03
   5.1937143e+03
   5.1557143e+03
   5.0572857e+03
   4.9265714e+03
   4.8542857e+03
   4.8275714e+03
   4.7625714e+03
   4.7322857e+03
   4.6920000e+03
   4.5101429e+03
   4.4958571e+03
   4.4571429e+03
   4.4121429e+03
   4.3931429e+03
   4.3902857e+03
   4.3918571e+03
   4.5588571e+03
   4.5194286e+03
   4.5332857e+03
   4.5120000e+03
   4.3628571e+03
   4.2794286e+03
   4.2745714e+03
   3.5838571e+03
   3.2687143e+03
   3.2885714e+03
   3.2968571e+03
   3.3665714e+03
   3.3955714e+03
   3.2170000e+03
   3.7101429e+03
   3.8638571e+03
   3.6687143e+03
   3.4637143e+03
   3.3430000e+03
   3.2185714e+03
   3.2542857e+03
   3.0301429e+03
   3.0285714e+03
   2.9795714e+03
   2.7841429e+03
   2.7420000e+03
   2.7828571e+03
   2.8387143e+03
   2.9477143e+03
   2.9117143e+03
   2.9155714e+03
   3.1201429e+03
   3.1518571e+03
   3.0837143e+03
   3.0482857e+03
   3.0630000e+03
   3.0110000e+03
   2.9798571e+03
   2.9281429e+03
   2.8775714e+03
   2.8808571e+03
   2.8577143e+03
   2.8110000e+03
   2.8445714e+03
   2.8388571e+03
   2.8370000e+03
   2.8824286e+03
   2.9014286e+03
   2.9088571e+03
   2.9078571e+03
   2.8868571e+03
   2.8825714e+03
   2.8564286e+03
   2.8331429e+03
   2.8314286e+03
   2.8551429e+03
   2.9248571e+03
   2.9334286e+03
   2.9731429e+03
   3.0981429e+03
   3.1514286e+03
   3.1597143e+03
   3.1105714e+03
   3.0642857e+03
   3.0542857e+03
   3.0160000e+03
   2.8828571e+03
   2.7697143e+03
   2.7452857e+03
   2.7047143e+03
   2.6637143e+03
   2.6378571e+03
   2.5777143e+03
   2.5362857e+03
   2.5138571e+03
   2.4674286e+03
   2.4458571e+03
   2.3410000e+03
   2.2497143e+03
   2.1750000e+03
   2.0951429e+03
   2.0042857e+03
   1.9402857e+03
   1.9024286e+03
   1.8092857e+03
   1.7008571e+03
   1.5840000e+03
   1.4900000e+03
   1.4125714e+03
   1.3522857e+03
   1.3100000e+03
   1.2367143e+03
   1.1697143e+03
   1.1392857e+03
   1.0955714e+03
   1.0472857e+03
   1.0078571e+03
   9.8128571e+02
   9.1885714e+02
   8.8142857e+02
   8.1971429e+02
   7.8128571e+02
   7.4771429e+02
   7.2000000e+02
   6.8785714e+02
   6.4771429e+02
   6.1228571e+02
   5.8600000e+02
   5.4771429e+02
   5.1514286e+02
   5.0200000e+02
   4.9300000e+02
   4.6414286e+02
   4.3371429e+02
   4.0271429e+02
   3.8571429e+02
   3.6600000e+02
   3.5757143e+02
   3.4428571e+02
   3.3042857e+02
   3.1471429e+02
   2.9642857e+02
   2.7642857e+02
   2.5657143e+02
   2.4128571e+02
   2.3142857e+02
   1.9757143e+02
   1.9528571e+02
   1.9457143e+02
   1.8728571e+02
   1.8942857e+02
   1.9185714e+02
   1.9357143e+02
   2.0842857e+02
   1.9228571e+02
   1.8757143e+02
   1.8042857e+02
   1.7514286e+02
   1.7200000e+02
   1.6985714e+02
   1.6414286e+02
   1.6457143e+02
   1.5914286e+02
   1.6371429e+02
   1.5971429e+02
   1.5771429e+02
   1.5500000e+02
   1.5300000e+02
   1.5185714e+02
   1.5385714e+02
   1.5200000e+02
   1.5485714e+02
   1.5642857e+02
   1.5828571e+02
   1.6371429e+02
   1.6957143e+02
   1.7514286e+02
   1.7928571e+02
   1.8685714e+02
   1.9085714e+02
   1.9300000e+02
   1.9028571e+02
   2.1200000e+02
   2.3714286e+02
   2.6071429e+02
   2.8042857e+02
   2.9357143e+02
   3.1471429e+02
   3.5614286e+02
   3.6942857e+02
   3.9042857e+02
   4.1671429e+02
   4.4328571e+02
   4.5785714e+02
   4.7542857e+02
   5.2342857e+02
   5.5928571e+02
   6.0842857e+02
   6.6885714e+02
   7.2042857e+02
   7.5071429e+02
   7.8528571e+02
   8.4400000e+02
   9.1428571e+02
   9.6428571e+02
   1.0091429e+03
   1.0608571e+03
   1.1034286e+03
   1.1311429e+03
   1.1804286e+03
   1.2352857e+03
   1.2880000e+03
   1.3215714e+03
   1.3640000e+03
   1.4067143e+03
   1.4411429e+03
   1.4875714e+03
   1.4992857e+03
   1.5194286e+03
   1.5527143e+03
   1.5558571e+03
   1.5415714e+03
   1.5517143e+03
   1.5567143e+03
   1.5678571e+03
   1.5767143e+03
   1.5674286e+03
   1.5620000e+03
   1.5680000e+03
   1.5072857e+03
   1.5105714e+03
   1.5238571e+03
   1.5197143e+03
   1.5127143e+03
   1.4970000e+03
   1.4820000e+03
   1.5207143e+03
   1.5044286e+03
   1.4738571e+03
   1.4411429e+03
   1.4107143e+03
   1.4065714e+03
   1.3950000e+03
   1.3900000e+03
   1.2620000e+03
   1.2545714e+03
   1.2595714e+03
   1.2998571e+03
   1.3178571e+03
   1.3367143e+03
   1.3737143e+03
   1.4877143e+03
   1.4977143e+03
   1.5002857e+03
   1.4537143e+03
   1.4502857e+03
   1.4387143e+03
   1.4164286e+03
   1.4021429e+03
   1.3540000e+03
   1.3261429e+03
   1.3125714e+03
   1.2695714e+03
   1.2492857e+03
   1.2205714e+03
   1.1850000e+03
   1.1584286e+03
   1.1130000e+03
   1.0908571e+03
   1.0714286e+03
   1.0524286e+03
   1.0598571e+03
   1.0428571e+03
   1.0647143e+03
   1.0718571e+03
   1.0637143e+03
   1.0531429e+03
   1.0432857e+03
   1.0118571e+03
   9.6371429e+02
   9.4557143e+02
   9.4028571e+02
   9.3257143e+02
   9.1414286e+02
   8.9642857e+02
   8.8185714e+02
   8.7314286e+02
   8.2371429e+02
   7.7942857e+02
   7.4871429e+02
   7.2157143e+02
   7.1628571e+02
   6.9600000e+02
   6.9914286e+02
   6.7042857e+02
   6.6442857e+02
   6.5385714e+02
   6.4628571e+02
   6.3900000e+02
   6.3928571e+02
   6.2271429e+02
   6.5257143e+02
   6.6214286e+02
   6.8628571e+02
   7.0457143e+02
   7.1985714e+02
   7.3371429e+02
   7.8442857e+02
   8.1742857e+02
   8.4942857e+02
   8.4500000e+02
   8.8200000e+02
   8.9728571e+02
   9.1785714e+02
   9.3614286e+02
   9.6971429e+02
   1.0097143e+03
   1.0718571e+03
   1.0941429e+03
   1.1245714e+03
   1.1464286e+03
   1.1844286e+03
   1.2000000e+03
   1.2124286e+03
   1.1011429e+03
   1.0992857e+03
   1.1200000e+03
   1.1514286e+03
   1.2654286e+03
   1.3547143e+03
   1.4638571e+03
   1.6891429e+03
   1.7922857e+03
   1.8421429e+03
   1.8912857e+03
   1.9585714e+03
   2.0895714e+03
   2.2261429e+03
   2.3567143e+03
   2.5275714e+03
   2.6471429e+03
   2.8458571e+03
   3.5217143e+03
   4.6580000e+03
   6.0912857e+03
   7.6407143e+03
   9.1350000e+03
   1.0247857e+04
   1.1357714e+04
   1.4276714e+04
   1.7067143e+04
   1.9672429e+04
   2.2238286e+04
   2.2800714e+04
   2.2493857e+04
   2.4271000e+04
   2.7601429e+04
   3.0359857e+04
   3.3091857e+04
   3.5328000e+04
   3.6996000e+04
   3.7605429e+04
   3.8965857e+04
   3.9499143e+04
   3.9430143e+04
   3.7963000e+04
   3.6378286e+04
   3.5528571e+04
   3.6118857e+04
   3.3523286e+04
   2.9242286e+04
   2.4856286e+04
   2.1738857e+04
   1.8840286e+04
   1.7422571e+04
   1.6074000e+04
   1.5007571e+04
   1.2835143e+04
   1.1747571e+04
   1.0404286e+04
   9.1104286e+03
   8.0401429e+03
   7.5937143e+03
   7.0945714e+03
   6.5492857e+03
   5.6695714e+03
   4.9782857e+03
   4.4914286e+03
   4.0524286e+03
   3.6065714e+03
   3.3247143e+03
   2.9095714e+03
   2.5490000e+03
   2.2820000e+03
   2.0488571e+03
   1.8794286e+03
   1.9414286e+03
   1.8618571e+03
   1.6462857e+03
   1.5428571e+03
   1.3987143e+03
   1.2877143e+03
   1.2082857e+03
   1.1640000e+03
   1.1052857e+03
   1.0217143e+03
   9.3971429e+02
   8.8528571e+02
   8.2914286e+02
   7.8342857e+02
   7.5328571e+02
   7.4242857e+02
   6.7700000e+02
   6.4057143e+02
   6.0714286e+02
   5.8257143e+02
   5.6485714e+02
   5.5228571e+02
   5.4914286e+02
   5.7014286e+02
   5.5942857e+02
   5.5100000e+02
   5.4057143e+02
   5.2942857e+02
   5.2657143e+02
   5.2371429e+02
   5.1657143e+02
   5.2671429e+02
   5.2400000e+02
   5.4000000e+02
   5.6057143e+02
   5.5814286e+02
   5.7171429e+02
   6.0714286e+02
   6.3085714e+02
   6.6614286e+02
   6.7400000e+02
   7.0228571e+02
   7.2342857e+02
   7.5457143e+02
   8.1271429e+02
   8.7528571e+02
   9.3171429e+02
   9.9214286e+02
   1.0338571e+03
   1.0667143e+03
   1.0841429e+03
   1.1132857e+03
   1.1348571e+03
   1.1701429e+03
   1.2175714e+03
   1.2522857e+03
   1.2807143e+03
   1.2991429e+03
   1.3908571e+03
   1.4680000e+03
   1.5505714e+03
   1.6220000e+03
   1.7002857e+03
   1.7422857e+03
   1.7830000e+03
   1.8451429e+03
   1.9095714e+03
   1.9831429e+03
   2.0255714e+03
   2.0425714e+03
   2.0474286e+03
   2.0155714e+03
   1.9810000e+03
   1.9631429e+03
   1.9007143e+03
   1.8565714e+03
   1.8297143e+03
   1.8591429e+03
   1.9300000e+03
   2.0111429e+03
   2.1037143e+03
   2.1922857e+03
   2.2885714e+03
   2.4270000e+03
   2.4567143e+03
   2.5161429e+03
   2.6555714e+03
   2.7737143e+03
   2.9065714e+03
   3.0352857e+03
   3.0778571e+03
   3.1114286e+03
   3.1251429e+03
   3.1907143e+03
   3.2287143e+03
   3.2807143e+03
   3.3412857e+03
   3.4054286e+03
   3.4882857e+03
   3.5262857e+03
   3.5484286e+03
   3.5642857e+03
   3.5891429e+03
   3.5542857e+03
   3.5405714e+03
   3.5434286e+03
   3.5567143e+03
   3.5847143e+03
   3.5562857e+03
   3.5030000e+03
   3.4395714e+03
   3.3717143e+03
   3.3077143e+03
   3.2298571e+03
   2.8041429e+03
   2.8510000e+03
   2.8114286e+03
   2.7958571e+03
   2.7730000e+03
   2.7398571e+03
   2.7227143e+03
   2.9515714e+03
   2.7558571e+03
   2.6578571e+03
   2.5634286e+03
   2.5082857e+03
   2.4634286e+03
   2.4411429e+03
   2.4124286e+03
   2.4055714e+03
   2.3928571e+03
   2.3830000e+03
   2.3871429e+03
   2.4364286e+03
   2.4455714e+03
   2.3482857e+03
   2.4624286e+03
   2.5284286e+03
   2.5965714e+03
   2.6497143e+03
   2.6870000e+03
   2.7560000e+03
   2.9492857e+03
   2.9447143e+03
   2.9888571e+03
   3.0180000e+03
   3.0601429e+03
   3.0815714e+03
   3.1035714e+03
   2.8092857e+03
   3.0375714e+03
   3.1450000e+03
   3.2997143e+03
   3.4000000e+03
   3.4478571e+03
   3.4824286e+03
   3.9465714e+03
   3.8058571e+03
   3.7518571e+03
   3.7051429e+03
   3.6955714e+03
   3.6682857e+03
   3.6588571e+03
   3.5698571e+03
   3.5457143e+03
   3.5248571e+03
   3.4575714e+03
   3.3815714e+03
   3.3558571e+03
   3.3050000e+03
   3.2944286e+03
   3.2668571e+03
   3.2417143e+03
   3.2114286e+03
   3.1672857e+03
   3.1160000e+03
   3.1022857e+03
   3.0400000e+03
   2.9908571e+03
   2.9257143e+03
   2.8884286e+03
   2.8632857e+03
   2.8428571e+03
   2.7971429e+03
   2.7275714e+03
   2.6120000e+03
   2.5198571e+03
   2.4275714e+03
   2.3260000e+03
   2.2717143e+03
   2.2308571e+03
   2.1327143e+03
   2.0820000e+03
   2.0322857e+03
   2.0034286e+03
   1.9911429e+03
   1.9861429e+03
   1.9771429e+03
   1.9211429e+03
   1.8742857e+03
   1.8325714e+03
   1.7945714e+03
   1.7604286e+03
   1.7394286e+03
   1.7178571e+03
   1.7034286e+03
   1.6761429e+03
   1.6652857e+03
   1.6382857e+03
   1.6078571e+03
   1.5801429e+03
   1.5577143e+03
   1.3871429e+03
   1.4137143e+03
   1.4081429e+03
   1.4048571e+03
   1.4092857e+03
   1.4238571e+03
   1.4215714e+03
   1.5752857e+03
   1.5302857e+03
   1.5337143e+03
   1.5362857e+03
   1.5494286e+03
   1.5580000e+03
   1.5885714e+03
   1.6408571e+03
   1.7128571e+03
   1.7437143e+03
   1.7427143e+03
   1.7297143e+03
   1.7164286e+03
   1.7024286e+03
   1.6438571e+03
   1.5960000e+03
   1.5960000e+03
   1.6247143e+03
   1.6338571e+03
   1.6194286e+03
   1.6037143e+03
   1.5940000e+03
   1.5550000e+03
   1.4774286e+03
   1.4834286e+03
   1.4844286e+03
   1.4940000e+03
   1.4978571e+03
   1.4574286e+03
   1.5098571e+03
   1.5751429e+03
   1.5671429e+03
   1.5741429e+03
   1.5842857e+03
   1.5867143e+03
   1.6438571e+03
   1.6248571e+03
   1.6101429e+03
   1.5815714e+03
   1.5715714e+03
   1.5892857e+03
   1.6060000e+03
   1.6430000e+03
   1.6982857e+03
   1.7557143e+03
   1.8040000e+03
   1.8317143e+03
   1.8310000e+03
   1.8467143e+03
   1.8610000e+03
   1.8670000e+03
   1.8932857e+03
   1.9405714e+03
   1.9994286e+03
   2.0348571e+03
   2.0667143e+03
   2.1241429e+03
   2.1250000e+03
   2.1021429e+03
   2.0600000e+03
   1.9821429e+03
   2.0025714e+03
   1.9925714e+03
   2.0104286e+03
   2.0240000e+03
   2.0312857e+03
   2.0145714e+03
   2.0067143e+03
   1.9528571e+03
   1.9480000e+03
   1.9555714e+03
   2.0002857e+03
   2.0537143e+03
   1.9274286e+03
   2.0275714e+03
   2.1530000e+03
   2.2502857e+03
   2.5025714e+03
   2.6710000e+03
   2.7437143e+03
   3.0390000e+03
   3.1391429e+03
   3.0847143e+03
   3.0584286e+03
   2.9610000e+03
   2.8787143e+03
   2.9087143e+03
   2.9185714e+03
   2.9195714e+03
   2.9295714e+03
   2.9078571e+03
   2.9032857e+03
   2.9501429e+03
   2.9485714e+03
   2.9227143e+03
   2.8771429e+03
   2.9195714e+03
   2.9452857e+03
   2.9274286e+03
   2.9002857e+03
   2.8905714e+03
   2.8728571e+03
   2.8361429e+03
   2.6934286e+03
   2.5478571e+03
   2.3170000e+03
   2.3211429e+03
   2.2968571e+03
   2.3315714e+03
   2.3740000e+03
   2.4354286e+03
   2.7003333e+03
   2.7758000e+03
   2.6020000e+03
