   1.0000000e+00
   0.0000000e+00
   0.0000000e+00
   1.0000000e+00
   5.0000000e+00
   3.0000000e+00
   8.0000000e+00
   7.0000000e+00
   2.1000000e+01
   5.7000000e+01
   6.9000000e+01
   1.5500000e+02
   3.5500000e+02
   6.1900000e+02
   6.4200000e+02
   1.0340000e+03
   2.1210000e+03
   2.4510000e+03
   2.9710000e+03
   3.7060000e+03
   4.0070000e+03
   2.6390000e+03
   2.5800000e+03
   3.5700000e+03
   4.4970000e+03
   4.8740000e+03
   5.0450000e+03
   5.1190000e+03
   3.4790000e+03
   3.5600000e+03
   6.1290000e+03
   5.4580000e+03
   5.4480000e+03
   5.7460000e+03
   5.6700000e+03
   3.8660000e+03
   3.7820000e+03
   6.3530000e+03
   6.0440000e+03
   5.5750000e+03
   5.0700000e+03
   4.5100000e+03
   3.7320000e+03
   2.8870000e+03
   3.3110000e+03
   4.1440000e+03
   3.8760000e+03
   3.5300000e+03
   3.5860000e+03
   2.1720000e+03
   2.3430000e+03
   3.7920000e+03
   3.0610000e+03
   3.4460000e+03
   2.8410000e+03
   2.5350000e+03
   1.5950000e+03
   1.0030000e+03
   2.2900000e+03
   2.7260000e+03
   2.3400000e+03
   2.0220000e+03
   1.8870000e+03
   1.0580000e+03
   7.8700000e+02
   1.5500000e+03
   1.5120000e+03
   1.3970000e+03
   1.2380000e+03
   1.0790000e+03
   6.5700000e+02
   4.5700000e+02
   1.2310000e+03
   1.2850000e+03
   1.3330000e+03
   1.1110000e+03
   8.7300000e+02
   4.8500000e+02
   3.6000000e+02
   8.9400000e+02
   1.0030000e+03
   1.0770000e+03
   1.0690000e+03
   1.0360000e+03
   4.5500000e+02
   4.6700000e+02
   4.6400000e+02
   1.0500000e+03
   7.4100000e+02
   6.4600000e+02
   6.3800000e+02
   3.4600000e+02
   2.3000000e+02
   6.8600000e+02
   5.7000000e+02
   5.1500000e+02
   5.1700000e+02
   4.0200000e+02
   2.4700000e+02
   1.9700000e+02
   4.4700000e+02
   4.1900000e+02
   3.6300000e+02
   3.6300000e+02
   4.0900000e+02
   1.9600000e+02
   1.8000000e+02
   3.8000000e+02
   4.1900000e+02
   3.5600000e+02
   3.7800000e+02
   3.6100000e+02
   2.0300000e+02
   1.7200000e+02
   4.0200000e+02
   3.8100000e+02
   3.8100000e+02
   2.9800000e+02
   3.1700000e+02
   2.0600000e+02
   2.0100000e+02
   4.3700000e+02
   4.4100000e+02
   3.9600000e+02
   4.1600000e+02
   2.3300000e+02
   1.2000000e+02
   1.5500000e+02
   4.3100000e+02
   4.6100000e+02
   4.3700000e+02
   3.9200000e+02
   3.0700000e+02
   2.5900000e+02
   2.2300000e+02
   4.8300000e+02
   4.0300000e+02
   4.3900000e+02
   4.1100000e+02
   4.1300000e+02
   2.1600000e+02
   1.7600000e+02
   4.0400000e+02
   3.4100000e+02
   3.2800000e+02
   3.0900000e+02
   2.9900000e+02
   1.5300000e+02
   1.4000000e+02
   3.1300000e+02
   3.1300000e+02
   2.8700000e+02
   2.7400000e+02
   2.6200000e+02
   1.8900000e+02
   1.3500000e+02
   3.4800000e+02
   1.8700000e+02
   2.9800000e+02
   2.8800000e+02
   2.5500000e+02
   1.6000000e+02
   1.3300000e+02
   3.1200000e+02
   2.6300000e+02
   3.2000000e+02
   2.7600000e+02
   2.7700000e+02
   1.5100000e+02
   1.4000000e+02
   3.3300000e+02
   2.8300000e+02
   2.5700000e+02
   2.2700000e+02
   2.5200000e+02
   1.3600000e+02
   1.5000000e+02
   2.9700000e+02
   2.8300000e+02
   3.1300000e+02
   2.7400000e+02
   2.8000000e+02
   1.2800000e+02
   1.8600000e+02
   3.1500000e+02
   2.9400000e+02
   2.7100000e+02
   2.7300000e+02
   2.3000000e+02
   1.5600000e+02
   2.0700000e+02
   2.1700000e+02
   3.9300000e+02
   3.5300000e+02
   3.2300000e+02
   3.1300000e+02
   2.0200000e+02
   2.6300000e+02
   4.6100000e+02
   4.1500000e+02
   4.5600000e+02
   4.4100000e+02
   2.9200000e+02
   2.1700000e+02
   2.2000000e+02
   5.5800000e+02
   4.9700000e+02
   6.1200000e+02
   5.4200000e+02
   4.6300000e+02
   2.8000000e+02
   3.8200000e+02
   4.3700000e+02
   7.2300000e+02
   6.0600000e+02
   7.0500000e+02
   6.0500000e+02
   2.9900000e+02
   3.3500000e+02
   7.6600000e+02
   5.7100000e+02
   5.4100000e+02
   5.2600000e+02
   5.2400000e+02
   3.1400000e+02
   2.8100000e+02
   5.1500000e+02
   5.8800000e+02
   5.8300000e+02
   6.0300000e+02
   5.0400000e+02
   3.6600000e+02
   4.1200000e+02
   6.2600000e+02
   6.0100000e+02
   6.5400000e+02
   7.5900000e+02
   6.0100000e+02
   3.8600000e+02
   3.6200000e+02
   6.9500000e+02
   7.4200000e+02
   7.8300000e+02
   6.2100000e+02
   6.5400000e+02
   4.0300000e+02
   5.0100000e+02
   9.5300000e+02
   9.0300000e+02
   1.1130000e+03
   1.1390000e+03
   1.0370000e+03
   8.4500000e+02
   7.8800000e+02
   1.5450000e+03
   1.5980000e+03
   1.5400000e+03
   1.5010000e+03
   1.4940000e+03
   1.0250000e+03
   8.9600000e+02
   1.8320000e+03
   1.7300000e+03
   1.7530000e+03
   1.8570000e+03
   1.7730000e+03
   1.2900000e+03
   1.1480000e+03
   2.3170000e+03
   2.0740000e+03
   2.3710000e+03
   8.1700000e+02
   2.2990000e+03
   1.8400000e+03
   1.8910000e+03
   2.8950000e+03
   3.3090000e+03
   3.1300000e+03
   2.9450000e+03
   2.8170000e+03
   1.8870000e+03
   1.7540000e+03
   3.3050000e+03
   3.0600000e+03
   3.1060000e+03
   3.1490000e+03
   2.9790000e+03
   2.2060000e+03
   2.1770000e+03
   3.5820000e+03
   3.6810000e+03
   2.7880000e+03
   1.9260000e+03
   3.4270000e+03
   2.5570000e+03
   2.3460000e+03
   4.3390000e+03
   4.1030000e+03
   3.8440000e+03
   3.0160000e+03
   1.0460000e+03
   3.4540000e+03
   2.8880000e+03
   5.3930000e+03
   5.2070000e+03
   4.9850000e+03
   3.3910000e+03
   1.3400000e+03
   4.2000000e+03
   3.4660000e+03
   6.6070000e+03
   6.1560000e+03
   5.6860000e+03
   5.4450000e+03
   5.3030000e+03
   3.6930000e+03
   3.2000000e+03
   5.9180000e+03
   5.2410000e+03
   5.1800000e+03
   5.2580000e+03
   4.8480000e+03
   3.4810000e+03
   2.9180000e+03
   4.6450000e+03
   5.1410000e+03
   4.9090000e+03
   4.9430000e+03
   4.7150000e+03
   3.4610000e+03
   2.9290000e+03
   5.8140000e+03
   4.8650000e+03
   5.0060000e+03
   4.7940000e+03
   3.6710000e+03
   2.8770000e+03
   2.8950000e+03
   9.7900000e+02
   2.6590000e+03
   5.1450000e+03
   4.8520000e+03
   4.1590000e+03
   3.0800000e+03
   1.6450000e+03
   4.4310000e+03
   3.7350000e+03
   3.7790000e+03
   3.4170000e+03
   3.3140000e+03
   2.2090000e+03
   1.8950000e+03
   2.8620000e+03
   3.7240000e+03
   3.4360000e+03
   2.0490000e+03
   3.0190000e+03
   2.4950000e+03
   2.2860000e+03
   3.6250000e+03
   3.4720000e+03
   3.4630000e+03
   3.4810000e+03
   3.2410000e+03
   2.0180000e+03
   2.0380000e+03
   3.7280000e+03
   3.1080000e+03
   3.2450000e+03
   3.1190000e+03
   2.8870000e+03
   2.0410000e+03
   1.8760000e+03
   3.4010000e+03
   3.3430000e+03
   3.2050000e+03
   3.1060000e+03
   3.2050000e+03
   2.1740000e+03
   1.9280000e+03
   3.3940000e+03
   3.1960000e+03
   3.1750000e+03
   2.9230000e+03
   3.0420000e+03
   2.1620000e+03
   2.0940000e+03
   3.8820000e+03
   3.2560000e+03
   3.4530000e+03
   3.7980000e+03
   3.4150000e+03
   2.2200000e+03
   1.7500000e+03
   3.5580000e+03
   3.1860000e+03
   3.1850000e+03
   2.8660000e+03
   2.6230000e+03
   2.0490000e+03
   1.4660000e+03
   3.2710000e+03
   3.0050000e+03
   2.7640000e+03
   2.5760000e+03
   2.4660000e+03
   1.7240000e+03
   1.3150000e+03
   2.5370000e+03
   2.3660000e+03
   2.2410000e+03
   2.0170000e+03
   1.8300000e+03
   1.2760000e+03
   1.0500000e+03
   1.8850000e+03
   1.6070000e+03
   1.4230000e+03
   1.3590000e+03
   1.2880000e+03
   8.5400000e+02
   7.5400000e+02
   1.3720000e+03
   1.1380000e+03
   1.2100000e+03
   1.0530000e+03
   9.5000000e+02
   5.7800000e+02
   5.6800000e+02
   9.3500000e+02
   8.7600000e+02
   7.7800000e+02
   7.8400000e+02
   7.1500000e+02
   3.8400000e+02
   3.4300000e+02
   6.5400000e+02
   6.2800000e+02
   5.9400000e+02
   5.1600000e+02
   4.8700000e+02
   2.9200000e+02
   2.8000000e+02
   4.5200000e+02
   4.1500000e+02
   3.7700000e+02
   3.9700000e+02
   3.4900000e+02
   2.3300000e+02
   1.8700000e+02
   3.5500000e+02
   3.0500000e+02
   2.4900000e+02
   2.5700000e+02
   2.1000000e+02
   1.2600000e+02
   1.1800000e+02
   1.1800000e+02
   2.8900000e+02
   2.4400000e+02
   2.0600000e+02
   2.2500000e+02
   1.4300000e+02
   1.3000000e+02
   2.2200000e+02
   1.7600000e+02
   2.1100000e+02
   1.5600000e+02
   1.8800000e+02
   1.2100000e+02
   1.1500000e+02
   1.8200000e+02
   1.7900000e+02
   1.7300000e+02
   1.8800000e+02
   1.6000000e+02
   1.0700000e+02
   9.6000000e+01
   1.6800000e+02
   1.7100000e+02
   1.8700000e+02
   1.7500000e+02
   1.8000000e+02
   1.1800000e+02
   1.0900000e+02
   2.0600000e+02
   2.1200000e+02
   2.2600000e+02
   2.0400000e+02
   2.3300000e+02
   1.4600000e+02
   1.2400000e+02
   1.8700000e+02
   3.6400000e+02
   4.0200000e+02
   3.6900000e+02
   3.7100000e+02
   2.3800000e+02
   2.7200000e+02
   4.7700000e+02
   4.5700000e+02
   5.4900000e+02
   5.5300000e+02
   5.5700000e+02
   3.4000000e+02
   3.9500000e+02
   8.1300000e+02
   7.0800000e+02
   8.9300000e+02
   9.7600000e+02
   9.1800000e+02
   5.5200000e+02
   6.3700000e+02
   1.2240000e+03
   1.2000000e+03
   1.2430000e+03
   1.2900000e+03
   1.2800000e+03
   8.5000000e+02
   8.3100000e+02
   1.5690000e+03
   1.5840000e+03
   1.6120000e+03
   1.5250000e+03
   1.5770000e+03
   1.1490000e+03
   1.0720000e+03
   1.8940000e+03
   1.6660000e+03
   1.7530000e+03
   1.7580000e+03
   1.5990000e+03
   1.0490000e+03
   1.1430000e+03
   1.9290000e+03
   1.7440000e+03
   1.8150000e+03
   1.6930000e+03
   1.5610000e+03
   1.0910000e+03
   7.1800000e+02
   1.9520000e+03
   1.8370000e+03
   1.7860000e+03
   1.6440000e+03
   1.4510000e+03
   9.8600000e+02
   9.8900000e+02
   1.8380000e+03
   1.6230000e+03
   1.5570000e+03
   1.4310000e+03
   1.4220000e+03
   9.0500000e+02
   9.5400000e+02
   9.4200000e+02
   1.5710000e+03
   1.5920000e+03
   1.7130000e+03
   1.5480000e+03
   1.0370000e+03
   1.2130000e+03
   1.7400000e+03
   1.6410000e+03
   1.6100000e+03
   1.3870000e+03
   1.5240000e+03
   9.5600000e+02
   1.0570000e+03
   1.6400000e+03
   1.3040000e+03
   1.4150000e+03
   1.2920000e+03
   1.2230000e+03
   8.1400000e+02
   8.5600000e+02
   1.3910000e+03
   1.1180000e+03
   1.0970000e+03
   1.1370000e+03
   1.0870000e+03
   6.8100000e+02
   9.0800000e+02
   1.2720000e+03
   1.2710000e+03
   1.1470000e+03
   1.0800000e+03
   1.0130000e+03
   6.1200000e+02
   6.8800000e+02
   9.3500000e+02
   1.1440000e+03
   1.1100000e+03
   1.0260000e+03
   8.8400000e+02
   4.8800000e+02
   5.8600000e+02
   8.7400000e+02
   7.9800000e+02
   8.0000000e+02
   8.1100000e+02
   6.9400000e+02
   4.5100000e+02
   4.4400000e+02
   8.9600000e+02
   5.9700000e+02
   7.5800000e+02
   7.3700000e+02
   6.4100000e+02
   4.0000000e+02
   4.4600000e+02
   7.8000000e+02
   8.0600000e+02
   8.2500000e+02
   9.0600000e+02
   7.6900000e+02
   5.0700000e+02
   5.4300000e+02
   1.1350000e+03
   1.0370000e+03
   1.0490000e+03
   8.7500000e+02
   1.0280000e+03
   6.1400000e+02
   6.8700000e+02
   1.2630000e+03
   1.2720000e+03
   1.3290000e+03
   1.3100000e+03
   1.1840000e+03
   8.2700000e+02
   8.4000000e+02
   1.5290000e+03
   1.3810000e+03
   1.4160000e+03
   5.3100000e+02
   1.1710000e+03
   9.7200000e+02
   1.0600000e+03
   2.3270000e+03
   2.0060000e+03
   2.1800000e+03
   2.1080000e+03
   1.8930000e+03
   1.3210000e+03
   1.4040000e+03
   2.7980000e+03
   2.9230000e+03
   3.1360000e+03
   3.0220000e+03
   3.0890000e+03
   2.1580000e+03
   2.7950000e+03
   7.5290000e+03
   1.0877000e+04
   1.3169000e+04
   1.3868000e+04
   1.3549000e+04
   9.9480000e+03
   1.0564000e+04
   2.7962000e+04
   3.0410000e+04
   3.1406000e+04
   3.1829000e+04
   1.7486000e+04
   7.8000000e+03
   2.3004000e+04
   5.1275000e+04
   4.9719000e+04
   5.0530000e+04
   4.7482000e+04
   2.9162000e+04
   1.2066000e+04
   3.2527000e+04
   5.5008000e+04
   4.9236000e+04
   4.0260000e+04
   3.6389000e+04
   2.3214000e+04
   1.6198000e+04
   1.4358000e+04
   2.5041000e+04
   1.8534000e+04
   1.8438000e+04
   1.6099000e+04
   1.3290000e+04
   6.7580000e+03
   6.8930000e+03
   9.8340000e+03
   1.0921000e+04
   9.0350000e+03
   7.0420000e+03
   5.7980000e+03
   3.6330000e+03
   3.3990000e+03
   6.0170000e+03
   4.7630000e+03
   4.1960000e+03
   3.6340000e+03
   2.7250000e+03
   5.1200000e+02
   1.4260000e+03
   3.1110000e+03
   2.2390000e+03
   2.3270000e+03
   2.0020000e+03
   1.5390000e+03
   9.4600000e+02
   8.6900000e+02
   1.6020000e+03
   1.5150000e+03
   1.3180000e+03
   1.2250000e+03
   9.8300000e+02
   6.3600000e+02
   4.5800000e+02
   1.0170000e+03
   9.4100000e+02
   9.3700000e+02
   8.3200000e+02
   6.6300000e+02
   4.2500000e+02
   3.8200000e+02
   5.5900000e+02
   6.8600000e+02
   7.0300000e+02
   6.6000000e+02
   5.3900000e+02
   3.3700000e+02
   3.6000000e+02
   7.0600000e+02
   6.1100000e+02
   6.4400000e+02
   5.8700000e+02
   4.6100000e+02
   3.1700000e+02
   3.4000000e+02
   6.5600000e+02
   6.8200000e+02
   6.2500000e+02
   6.9900000e+02
   6.0500000e+02
   3.0000000e+02
   4.3500000e+02
   9.0400000e+02
   8.4800000e+02
   8.7200000e+02
   7.5400000e+02
   8.0300000e+02
   4.4800000e+02
   6.5300000e+02
   1.3110000e+03
   1.2860000e+03
   1.2670000e+03
   1.1770000e+03
   1.0950000e+03
   6.7800000e+02
   7.7500000e+02
   1.5150000e+03
   1.4370000e+03
   1.5140000e+03
   1.5090000e+03
   1.3380000e+03
   8.7700000e+02
   9.0400000e+02
   2.1570000e+03
   1.9770000e+03
   2.0920000e+03
   2.0090000e+03
   1.8860000e+03
   1.1710000e+03
   1.1890000e+03
   2.5920000e+03
   2.4280000e+03
   2.6070000e+03
   2.3060000e+03
   2.0050000e+03
   1.2050000e+03
   9.6600000e+02
   2.3500000e+03
   2.3030000e+03
   2.1700000e+03
   1.9970000e+03
   1.8170000e+03
   1.4110000e+03
   1.4620000e+03
   2.9180000e+03
   2.9510000e+03
   2.7900000e+03
   2.6710000e+03
   2.7860000e+03
   1.6190000e+03
   1.8780000e+03
   3.8940000e+03
   3.7780000e+03
   3.7200000e+03
   3.5720000e+03
   3.0840000e+03
   1.8540000e+03
   1.9740000e+03
   4.3530000e+03
   4.0440000e+03
   4.0840000e+03
   3.9960000e+03
   3.5330000e+03
   2.4340000e+03
   2.2400000e+03
   4.5080000e+03
   4.1550000e+03
   4.2580000e+03
   3.7520000e+03
   3.4370000e+03
   2.4540000e+03
   2.3330000e+03
   4.7040000e+03
   3.9560000e+03
   3.8850000e+03
   3.3080000e+03
   2.9620000e+03
   2.0060000e+03
   1.7880000e+03
   1.7240000e+03
   4.2840000e+03
   3.6080000e+03
   3.1990000e+03
   2.8020000e+03
   1.7740000e+03
   1.6680000e+03
   3.3260000e+03
   2.9140000e+03
   2.9220000e+03
   2.5380000e+03
   2.4160000e+03
   1.4600000e+03
   1.5120000e+03
   3.1250000e+03
   2.8660000e+03
   2.8330000e+03
   2.4690000e+03
   2.4450000e+03
   1.8050000e+03
   1.5760000e+03
   2.4440000e+03
   3.6650000e+03
   3.2950000e+03
   2.9460000e+03
   2.8170000e+03
   2.0660000e+03
   2.0590000e+03
   3.7970000e+03
   3.6330000e+03
   3.6040000e+03
   3.1500000e+03
   3.1120000e+03
   2.2160000e+03
   2.2130000e+03
   1.7370000e+03
   5.2310000e+03
   4.3560000e+03
   4.2330000e+03
   3.8140000e+03
   2.5510000e+03
   2.4550000e+03
   4.9860000e+03
   4.2460000e+03
   3.9780000e+03
   3.9060000e+03
   3.7470000e+03
   2.3600000e+03
   2.3890000e+03
   4.3630000e+03
   4.0770000e+03
   3.8320000e+03
   3.4350000e+03
   3.2150000e+03
   2.1800000e+03
   2.0330000e+03
   4.2890000e+03
   3.8840000e+03
   3.6560000e+03
   3.2230000e+03
   2.9060000e+03
   1.8210000e+03
   1.9370000e+03
   3.8530000e+03
   3.5400000e+03
   3.2000000e+03
   2.9620000e+03
   2.7300000e+03
   1.6780000e+03
   1.6170000e+03
   3.3660000e+03
   2.7310000e+03
   2.5550000e+03
   2.3160000e+03
   2.0190000e+03
   1.2980000e+03
   1.3310000e+03
   2.6790000e+03
   2.3760000e+03
   2.2070000e+03
   2.1140000e+03
   1.9330000e+03
   1.2630000e+03
   1.2680000e+03
   2.2870000e+03
   2.0480000e+03
   1.9150000e+03
   1.8480000e+03
   1.6940000e+03
   1.1160000e+03
   1.1170000e+03
   2.1860000e+03
   1.8570000e+03
   1.8390000e+03
   1.6590000e+03
   1.4810000e+03
   9.2200000e+02
   9.6000000e+02
   9.9200000e+02
   2.0430000e+03
   1.8000000e+03
   1.6360000e+03
   1.5120000e+03
   1.0240000e+03
   9.4400000e+02
   2.0680000e+03
   1.7280000e+03
   1.8240000e+03
   1.6540000e+03
   1.6040000e+03
   1.0840000e+03
   1.1580000e+03
   2.4340000e+03
   2.2320000e+03
   2.0400000e+03
   1.6470000e+03
   1.5130000e+03
   9.9100000e+02
   1.0600000e+03
   2.0240000e+03
   1.8970000e+03
   2.0400000e+03
   1.8480000e+03
   1.5770000e+03
   8.9000000e+02
   9.5000000e+02
   1.9560000e+03
   1.6240000e+03
   1.4970000e+03
   1.8900000e+03
   1.5840000e+03
   9.5700000e+02
   9.7700000e+02
   1.6730000e+03
   1.9910000e+03
   1.9540000e+03
   1.8340000e+03
   1.6330000e+03
   1.0280000e+03
   9.9400000e+02
   2.0730000e+03
   1.8580000e+03
   1.8510000e+03
   1.6340000e+03
   1.5630000e+03
   1.1520000e+03
   1.1110000e+03
   2.3320000e+03
   2.2450000e+03
   2.2530000e+03
   1.9720000e+03
   1.7570000e+03
   1.1470000e+03
   1.2210000e+03
   2.4320000e+03
   2.2870000e+03
   2.4370000e+03
   2.3030000e+03
   2.1690000e+03
   1.3950000e+03
   1.4440000e+03
   2.8340000e+03
   2.2930000e+03
   2.2770000e+03
   2.0080000e+03
   1.6240000e+03
   1.5380000e+03
   1.3740000e+03
   2.9590000e+03
   2.3880000e+03
   2.3280000e+03
   1.8910000e+03
   1.5690000e+03
   1.1610000e+03
   1.3400000e+03
   3.0120000e+03
   2.7010000e+03
   2.7020000e+03
   1.0070000e+03
   2.2700000e+03
   2.0390000e+03
   2.0210000e+03
   4.7780000e+03
   3.8800000e+03
   3.2110000e+03
   3.0740000e+03
   2.9710000e+03
   1.6580000e+03
   1.8370000e+03
   4.0960000e+03
   3.3040000e+03
   3.4210000e+03
   3.1430000e+03
   2.9780000e+03
   1.7280000e+03
   1.6850000e+03
   4.0640000e+03
   3.6320000e+03
   3.4100000e+03
   2.9620000e+03
   2.6590000e+03
   2.0250000e+03
   1.8650000e+03
   3.9390000e+03
   3.4420000e+03
   3.3420000e+03
   2.8380000e+03
   2.4020000e+03
   1.0260000e+03
   8.4600000e+02
   2.3230000e+03
   3.4710000e+03
   3.1720000e+03
   3.0810000e+03
   2.6990000e+03
   1.4560000e+03
