   3.5714286e+00
   4.1428571e+00
   5.4285714e+00
   5.5714286e+00
   6.0000000e+00
   5.7142857e+00
   7.0000000e+00
   9.7142857e+00
   1.5428571e+01
   2.4714286e+01
   3.9000000e+01
   4.5857143e+01
   5.7571429e+01
   8.0000000e+01
   1.0142857e+02
   1.2771429e+02
   1.5885714e+02
   1.7700000e+02
   1.8271429e+02
   1.8085714e+02
   1.9885714e+02
   2.0842857e+02
   2.1671429e+02
   2.1157143e+02
   2.7571429e+02
   3.2385714e+02
   3.5457143e+02
   4.2328571e+02
   5.0157143e+02
   6.2057143e+02
   7.5571429e+02
   8.9771429e+02
   9.6428571e+02
   1.0098571e+03
   1.1861429e+03
   1.3775714e+03
   1.4944286e+03
   1.6205714e+03
   1.5315714e+03
   1.5507143e+03
   1.5611429e+03
   1.7231429e+03
   1.8312857e+03
   1.9812857e+03
   2.1220000e+03
   2.3927143e+03
   2.4607143e+03
   2.4762857e+03
   2.3918571e+03
   2.1668571e+03
   2.0721429e+03
   2.0238571e+03
   2.2188571e+03
   2.2777143e+03
   2.3478571e+03
   2.6655714e+03
   3.1400000e+03
   3.4671429e+03
   3.7040000e+03
   3.3854286e+03
   3.3900000e+03
   3.3951429e+03
   3.4715714e+03
   3.4904286e+03
   3.5465714e+03
   3.5617143e+03
   3.8748571e+03
   3.8830000e+03
   3.8670000e+03
   3.6044286e+03
   3.7402857e+03
   3.8061429e+03
   3.9551429e+03
   4.0667143e+03
   4.1118571e+03
   4.1292857e+03
   4.4530000e+03
   4.5498571e+03
   4.5088571e+03
   4.4688571e+03
   4.5934286e+03
   4.6548571e+03
   4.6838571e+03
   4.6247143e+03
   4.5692857e+03
   4.9941429e+03
   5.2842857e+03
   5.4144286e+03
   5.4451429e+03
   5.5002857e+03
   5.9038571e+03
   6.0681429e+03
   5.8965714e+03
   5.8204286e+03
   5.8228571e+03
   5.8394286e+03
   5.8064286e+03
   5.8665714e+03
   5.9650000e+03
   6.0338571e+03
   6.1182857e+03
   6.1731429e+03
   6.2155714e+03
   6.2178571e+03
   6.3550000e+03
   6.6914286e+03
   6.8181429e+03
   6.9287143e+03
   7.0902857e+03
   7.2034286e+03
   7.2322857e+03
   7.3747143e+03
   7.2631429e+03
   7.2887143e+03
   7.4101429e+03
   7.3445714e+03
   7.3020000e+03
   7.4140000e+03
   7.3708571e+03
   7.2114286e+03
   7.1555714e+03
   7.0754286e+03
   7.1342857e+03
   7.0942857e+03
   6.9848571e+03
   6.9550000e+03
   7.0638571e+03
   7.2461429e+03
   7.3121429e+03
   7.3394286e+03
   7.4191429e+03
   7.4620000e+03
   7.6025714e+03
   7.5911429e+03
   7.4647143e+03
   7.2085714e+03
   6.8801429e+03
   6.8365714e+03
   6.7814286e+03
   6.4004286e+03
   6.8374286e+03
   7.1201429e+03
   7.5594286e+03
   8.0878571e+03
   8.2041429e+03
   8.3087143e+03
   8.7740000e+03
   8.5095714e+03
   8.4011429e+03
   8.2860000e+03
   8.1215714e+03
   8.1085714e+03
   8.0940000e+03
   7.9897143e+03
   7.9270000e+03
   7.9082857e+03
   7.9604286e+03
   7.9862857e+03
   7.9608571e+03
   7.9370000e+03
   8.0382857e+03
   8.0970000e+03
   8.2287143e+03
   8.3200000e+03
   8.3810000e+03
   8.4015714e+03
   8.3688571e+03
   8.1622857e+03
   7.8412857e+03
   7.5094286e+03
   6.7107143e+03
   6.3838571e+03
   6.1824286e+03
   6.1332857e+03
   5.8958571e+03
   5.9165714e+03
   5.8471429e+03
   6.2881429e+03
   6.3322857e+03
   6.3762857e+03
   6.4185714e+03
   6.5078571e+03
   6.5064286e+03
   6.4888571e+03
   6.4895714e+03
   6.4268571e+03
   6.4234286e+03
   6.3694286e+03
   5.5260000e+03
   5.6050000e+03
   5.5974286e+03
   5.5534286e+03
   5.5077143e+03
   5.4482857e+03
   5.4568571e+03
   6.1248571e+03
   5.8291429e+03
   5.6912857e+03
   5.5752857e+03
   5.5204286e+03
   5.4822857e+03
   5.4935714e+03
   5.4551429e+03
   5.3928571e+03
   5.3914286e+03
   5.3340000e+03
   5.2797143e+03
   5.2868571e+03
   5.2601429e+03
   5.2494286e+03
   5.3192857e+03
   5.2681429e+03
   5.1600000e+03
   5.1495714e+03
   5.0842857e+03
   5.0664286e+03
   5.0244286e+03
   4.9814286e+03
   4.9510000e+03
   4.9764286e+03
   4.8910000e+03
   4.9398571e+03
   4.9480000e+03
   4.2551429e+03
   4.4875714e+03
   4.9705714e+03
   5.1707143e+03
   5.3502857e+03
   5.4928571e+03
   5.5162857e+03
   6.4025714e+03
   6.3457143e+03
   6.1082857e+03
   6.2587143e+03
   6.4998571e+03
   6.5684286e+03
   6.5994286e+03
   6.6761429e+03
   6.7927143e+03
   6.8950000e+03
   6.8154286e+03
   6.3701429e+03
   6.2032857e+03
   6.2027143e+03
   5.3311429e+03
   5.3202857e+03
   5.0404286e+03
   5.4372857e+03
   6.0302857e+03
   6.1510000e+03
   6.2091429e+03
   7.3715714e+03
   7.5710000e+03
   8.0135714e+03
   7.9038571e+03
   7.8888571e+03
   7.9937143e+03
   8.0044286e+03
   8.0620000e+03
   8.2005714e+03
   8.4000000e+03
   8.5482857e+03
   8.5712857e+03
   8.6891429e+03
   8.7578571e+03
   8.7151429e+03
   8.9715714e+03
   8.8214286e+03
   9.2017143e+03
   9.4790000e+03
   9.4590000e+03
   9.4260000e+03
   9.6860000e+03
   9.4868571e+03
   9.5430000e+03
   9.2832857e+03
   9.2421429e+03
   9.1835714e+03
   9.1372857e+03
   8.8990000e+03
   9.0408571e+03
   9.1582857e+03
   8.9985714e+03
   8.7231429e+03
   8.4765714e+03
   8.6401429e+03
   8.1121429e+03
   8.1890000e+03
   8.1491429e+03
   8.0437143e+03
   8.2527143e+03
   8.5761429e+03
   8.5732857e+03
   9.1391429e+03
   8.8997143e+03
   8.7364286e+03
   8.2168571e+03
   7.2221429e+03
   7.4068571e+03
   7.5410000e+03
   8.1072857e+03
   8.5072857e+03
   8.7447143e+03
   8.7237143e+03
   8.7028571e+03
   8.5818571e+03
   8.5098571e+03
   8.4504286e+03
   8.6484286e+03
   9.1012857e+03
   1.0266000e+04
   1.1597714e+04
   1.1810429e+04
   1.1921143e+04
   1.1737143e+04
   1.1622857e+04
   1.1319571e+04
   1.1158857e+04
   1.1037429e+04
   1.0871143e+04
   1.0713857e+04
   1.0776286e+04
   1.0603000e+04
   1.0338571e+04
   9.7811429e+03
   9.9010000e+03
   9.7927143e+03
   9.7788571e+03
   8.7670000e+03
   8.6838571e+03
   8.8751429e+03
   9.1514286e+03
   8.5484286e+03
   8.3848571e+03
   8.6294286e+03
   9.1404286e+03
   8.7690000e+03
   8.4271429e+03
   8.0390000e+03
   8.0205714e+03
   8.1118571e+03
   7.8181429e+03
   7.9725714e+03
   8.1450000e+03
   8.2768571e+03
   8.6241429e+03
   8.7455714e+03
   8.7417143e+03
   8.7605714e+03
   8.8295714e+03
   8.8484286e+03
   9.0124286e+03
   9.1325714e+03
   9.4190000e+03
   9.6690000e+03
   9.7765714e+03
   1.0070000e+04
   1.0433429e+04
   1.0736714e+04
   1.1089000e+04
   1.1310000e+04
   1.1400857e+04
   1.1455286e+04
   1.1717286e+04
   1.2275714e+04
   1.2902143e+04
   1.3447571e+04
   1.4072571e+04
   1.4447857e+04
   1.4735857e+04
   1.5729857e+04
   1.6231571e+04
   1.6681714e+04
   1.7296000e+04
   1.7754429e+04
   1.7918000e+04
   1.7901857e+04
   1.8344857e+04
   1.8586714e+04
   1.8655000e+04
   1.8456714e+04
   1.8141143e+04
   1.7968286e+04
   1.7845571e+04
   1.7367143e+04
   1.7119000e+04
   1.6647000e+04
   1.6291000e+04
   1.5997143e+04
   1.5775000e+04
   1.5686429e+04
   1.5340143e+04
   1.4628571e+04
   1.4118286e+04
   1.3412714e+04
   1.2134714e+04
   1.2025857e+04
   1.1982429e+04
   1.1615429e+04
   1.1584143e+04
   1.1528000e+04
   1.1685286e+04
   1.2580143e+04
   1.2505571e+04
   1.2502857e+04
   1.2513857e+04
   1.2377143e+04
   1.2285286e+04
   1.2175571e+04
   1.2065286e+04
   1.2007286e+04
   1.1930714e+04
   1.1511286e+04
   1.1020571e+04
   9.9854286e+03
   9.8642857e+03
   9.5950000e+03
   9.5345714e+03
   9.5081429e+03
   9.5738571e+03
   9.8100000e+03
   1.0712286e+04
   1.0638286e+04
   1.0613000e+04
   1.0533714e+04
   1.0512143e+04
   1.0405714e+04
   1.0475000e+04
   1.0616286e+04
   1.0896429e+04
   1.1123000e+04
   1.1282000e+04
   1.1375857e+04
   1.1685286e+04
   1.1930143e+04
   1.2037429e+04
   1.2007571e+04
   1.2061571e+04
   1.2151571e+04
   1.2205714e+04
   1.2197714e+04
   1.2235714e+04
   1.2284286e+04
   1.2457143e+04
   1.2756857e+04
   1.2776143e+04
   1.2742857e+04
   1.2814857e+04
   1.2910286e+04
   1.2647429e+04
   1.2783429e+04
   1.2773000e+04
   1.3059286e+04
   1.3244714e+04
   1.3317714e+04
   1.3439714e+04
   1.3923857e+04
   1.3629286e+04
   1.3682143e+04
   1.3557000e+04
   1.3474857e+04
   1.3375571e+04
   1.3286143e+04
   1.3087429e+04
   1.3203857e+04
   1.2932857e+04
   1.2756714e+04
   1.2615143e+04
   1.2516000e+04
   1.2292571e+04
   1.2230429e+04
   1.2008000e+04
   1.1800143e+04
   1.1682286e+04
   1.1662143e+04
   1.1430571e+04
   1.1153571e+04
   1.0707286e+04
   1.0581714e+04
   1.0573571e+04
   1.0627286e+04
   1.0682429e+04
   1.0645571e+04
   9.9414286e+03
   9.7484286e+03
   9.5007143e+03
   9.2702857e+03
   9.0555714e+03
   8.9082857e+03
   8.6645714e+03
   9.0944286e+03
   9.1732857e+03
   9.1335714e+03
   8.5974286e+03
   8.5804286e+03
   8.6352857e+03
   8.4101429e+03
   8.7027143e+03
   8.7385714e+03
   8.7875714e+03
   9.4778571e+03
   9.6284286e+03
   9.6080000e+03
   9.1715714e+03
   9.1551429e+03
   9.1641429e+03
   9.1798571e+03
   8.9671429e+03
   8.8368571e+03
   8.8048571e+03
   9.3981429e+03
   9.2934286e+03
   9.1194286e+03
   8.8648571e+03
   8.6210000e+03
   8.5058571e+03
   8.4350000e+03
   8.1391429e+03
   7.7474286e+03
   7.7238571e+03
   7.7351429e+03
   7.8424286e+03
   7.9745714e+03
   8.0260000e+03
   8.3502857e+03
   8.6320000e+03
   8.8967143e+03
   9.2190000e+03
   9.4494286e+03
   9.5470000e+03
   9.6862857e+03
   9.6531429e+03
   9.7155714e+03
   9.7455714e+03
   9.8185714e+03
   1.0000857e+04
   1.0038000e+04
   1.0028571e+04
   1.0248857e+04
   1.0387286e+04
   1.0526000e+04
   1.0562714e+04
   1.0414429e+04
   1.0299857e+04
   1.0266857e+04
   1.0092286e+04
   9.8605714e+03
   9.5088571e+03
   9.2634286e+03
   9.1947143e+03
   9.1685714e+03
   9.1651429e+03
   8.3261429e+03
   6.9770000e+03
   6.6260000e+03
   6.2897143e+03
   6.0021429e+03
   5.8360000e+03
   5.6375714e+03
   6.0805714e+03
   7.1817143e+03
   7.2898571e+03
   7.3170000e+03
   7.2358571e+03
   7.2041429e+03
   7.1914286e+03
   7.1167143e+03
   7.0255714e+03
   6.9604286e+03
   6.9774286e+03
   7.0360000e+03
   7.0194286e+03
   6.9750000e+03
   7.1081429e+03
   7.2285714e+03
   7.4211429e+03
   7.4022857e+03
   7.2995714e+03
   7.2634286e+03
   7.2811429e+03
   7.0052857e+03
   6.6777143e+03
   6.3452857e+03
   6.0974286e+03
   5.8784286e+03
   5.7710000e+03
   5.6902857e+03
   5.1112857e+03
   4.4284286e+03
   4.4641429e+03
   4.5897143e+03
   4.7507143e+03
   4.8251429e+03
   4.8935714e+03
   5.2972857e+03
   5.8272857e+03
   5.7134286e+03
   5.6168571e+03
   5.6017143e+03
   5.5865714e+03
   5.5487143e+03
   5.6515714e+03
   5.8204286e+03
   5.8500000e+03
   5.7800000e+03
   5.5914286e+03
   5.4811429e+03
   5.4224286e+03
   4.7254286e+03
   4.0445714e+03
   3.9415714e+03
   3.8752857e+03
   3.8600000e+03
   3.8644286e+03
   3.9030000e+03
   4.3625714e+03
   4.8037143e+03
   4.7328571e+03
   4.6910000e+03
   4.5891429e+03
   4.5117143e+03
   4.4707143e+03
   3.9238571e+03
   4.0137143e+03
   4.0761429e+03
   4.1217143e+03
   4.1457143e+03
   4.1910000e+03
   4.2367143e+03
   4.7467143e+03
   4.6431429e+03
   4.5730000e+03
   4.5638571e+03
   4.6117143e+03
   4.6075714e+03
   4.5874286e+03
   4.6321429e+03
   4.6755714e+03
   4.8030000e+03
   4.8752857e+03
   5.0060000e+03
   5.1558571e+03
   5.2665714e+03
   5.5667143e+03
   5.9352857e+03
   6.2861429e+03
   6.6164286e+03
   6.1542857e+03
   5.9045714e+03
   5.6932857e+03
   5.0294286e+03
   4.3487143e+03
   3.5952857e+03
   2.8650000e+03
   2.9155714e+03
   2.9221429e+03
   2.9457143e+03
   3.1218571e+03
   3.2761429e+03
   3.8787143e+03
   4.8231429e+03
   6.0825714e+03
   6.5705714e+03
   7.0964286e+03
   8.5344286e+03
   1.0367000e+04
   1.1730429e+04
   1.2652571e+04
   1.2410000e+04
   1.2511857e+04
   1.2568571e+04
   1.3330571e+04
   1.4014571e+04
   1.4995714e+04
   1.6368143e+04
   1.8708143e+04
   2.0710286e+04
   2.0753857e+04
   2.2095571e+04
   2.3202000e+04
   2.4455000e+04
   2.5912857e+04
   2.4394143e+04
   2.4403571e+04
   2.4595429e+04
   2.4432857e+04
   2.3723286e+04
   2.2208857e+04
   1.9986286e+04
   2.0488571e+04
   1.9132857e+04
   1.8837000e+04
   1.7377571e+04
   1.4934571e+04
   1.4130143e+04
   1.3291143e+04
   1.2346286e+04
   1.1759429e+04
   1.1568714e+04
   1.0634286e+04
   1.0938286e+04
   1.0015000e+04
   9.3421429e+03
   8.8774286e+03
   8.4318571e+03
   8.4140000e+03
   8.0011429e+03
   7.7440000e+03
   7.4162857e+03
   7.1154286e+03
   6.8144286e+03
   6.8348571e+03
   6.7141429e+03
   6.5837143e+03
   6.4747143e+03
   6.3352857e+03
   6.1752857e+03
   6.0425714e+03
   6.0360000e+03
   5.9961429e+03
   6.0752857e+03
   6.0867143e+03
   6.1984286e+03
   6.2352857e+03
   6.1658571e+03
   6.0608571e+03
   6.0087143e+03
   5.2881429e+03
   4.5304286e+03
   4.1534286e+03
   3.8971429e+03
   3.6735714e+03
   3.5098571e+03
   3.4260000e+03
   3.6670000e+03
   3.9484286e+03
   3.8495714e+03
   3.6392857e+03
   3.5557143e+03
   3.5831429e+03
   3.5450000e+03
   3.4240000e+03
   3.3968571e+03
   3.3681429e+03
   3.3487143e+03
   3.3284286e+03
   3.2760000e+03
   3.2772857e+03
   3.2585714e+03
   3.3018571e+03
   3.3385714e+03
   3.4201429e+03
   3.5185714e+03
   3.6115714e+03
   3.6418571e+03
   3.7837143e+03
   3.8135714e+03
   3.8528571e+03
   3.8404286e+03
   3.7542857e+03
   3.7092857e+03
   3.7015714e+03
   3.6127143e+03
   3.5640000e+03
   3.5010000e+03
   3.5045714e+03
   3.5468571e+03
   3.5697143e+03
   3.5662857e+03
   3.5994286e+03
   3.6080000e+03
   3.6280000e+03
   3.5642857e+03
   3.2571429e+03
   3.2590000e+03
   3.2754286e+03
   3.2991429e+03
   3.3515714e+03
   3.2977143e+03
   3.0227143e+03
   3.1122857e+03
   3.1208571e+03
   3.1022857e+03
   3.1321429e+03
   3.1302857e+03
   3.1294286e+03
   3.3338571e+03
   3.5735714e+03
   3.5525714e+03
   3.5650000e+03
   3.4827143e+03
   3.3892857e+03
   3.4407143e+03
   3.5684286e+03
   3.5388571e+03
   3.5885714e+03
   3.6232857e+03
   3.7758571e+03
   3.9497143e+03
   4.1218571e+03
   4.3007143e+03
   4.4887143e+03
   4.5682857e+03
   4.6238571e+03
   4.7657143e+03
   4.3558571e+03
   3.9140000e+03
   3.4732857e+03
   3.8845714e+03
   4.0337143e+03
   4.0930000e+03
   4.3900000e+03
   5.3097143e+03
   6.3030000e+03
   7.3695714e+03
   7.5861429e+03
   7.8571429e+03
   8.0281429e+03
   8.5091429e+03
   8.9834286e+03
   9.5560000e+03
   1.0238714e+04
   1.0804286e+04
   1.1031429e+04
   1.1199429e+04
   1.1754857e+04
   1.2395714e+04
   1.2961714e+04
   1.3237000e+04
   1.3520286e+04
   1.3702571e+04
   1.3775571e+04
   1.4002286e+04
   1.4246000e+04
   1.4215571e+04
   1.3193000e+04
   1.2430143e+04
   1.2585286e+04
   1.2646714e+04
   1.2902000e+04
   1.3230000e+04
   1.3809286e+04
   1.5397429e+04
   1.6651571e+04
   1.6599714e+04
   1.6593286e+04
   1.6462429e+04
   1.6108714e+04
   1.5562571e+04
   1.4998857e+04
   1.4374429e+04
   1.4133429e+04
   1.3984286e+04
   1.3573714e+04
   1.3054000e+04
   1.2626143e+04
   1.2140143e+04
   1.1837429e+04
   1.1588286e+04
   1.1439286e+04
   1.1041143e+04
   1.0653571e+04
   1.0081714e+04
   9.6398571e+03
   9.1061429e+03
   8.9324286e+03
   8.8045714e+03
   8.2460000e+03
   7.6937143e+03
   7.2414286e+03
   6.8175714e+03
   6.4702857e+03
   6.2077143e+03
   6.0992857e+03
   5.8658571e+03
   5.6501429e+03
   5.5171429e+03
   5.3501429e+03
   5.1158571e+03
   5.0642857e+03
   5.0041429e+03
   4.7404286e+03
   4.5744286e+03
   4.4504286e+03
   4.4015714e+03
   4.4211429e+03
   4.3661429e+03
   4.3615714e+03
   4.3374286e+03
   4.3358571e+03
   4.2845714e+03
   4.1640000e+03
   4.0688571e+03
   4.0515714e+03
   4.0292857e+03
   4.0494286e+03
   4.0585714e+03
   4.1062857e+03
   4.1564286e+03
   4.1438571e+03
   4.1355714e+03
   4.1225714e+03
   4.0371429e+03
   3.9568571e+03
   3.8687143e+03
   3.7735714e+03
   3.7687143e+03
   3.7427143e+03
   3.7240000e+03
   3.6358571e+03
   3.4835714e+03
   3.3355714e+03
   3.2704286e+03
   3.1990000e+03
   3.1944286e+03
   3.2015714e+03
   3.1558571e+03
   3.1302857e+03
   2.7838571e+03
   2.7162857e+03
   2.6788571e+03
   2.6724286e+03
   2.6515714e+03
   2.6275714e+03
   2.5768571e+03
   2.8455714e+03
   2.7932857e+03
   2.7482857e+03
   2.7152857e+03
   2.7222857e+03
   2.6812857e+03
   2.6900000e+03
   2.6627143e+03
   2.6701429e+03
   2.6182857e+03
   2.6018571e+03
   2.5804286e+03
   2.5692857e+03
   2.4748571e+03
   2.4604286e+03
   2.4260000e+03
   2.3762857e+03
   2.3641429e+03
   2.3495714e+03
   2.2814286e+03
   2.3248571e+03
   2.2804286e+03
   2.1918571e+03
   2.2067143e+03
   2.2345714e+03
   2.2394286e+03
   2.1951429e+03
   2.0794286e+03
   1.8311429e+03
   1.8560000e+03
   1.8590000e+03
   1.8387143e+03
   1.8468571e+03
   1.8530000e+03
   1.9257143e+03
   2.1762857e+03
   2.1950000e+03
   2.1974286e+03
   2.2151429e+03
   2.2174286e+03
   2.3180000e+03
   2.4167143e+03
   2.5801429e+03
   2.7417143e+03
   2.7610000e+03
   2.8451429e+03
   2.8691429e+03
   2.9488571e+03
   3.0474286e+03
   2.8202857e+03
   2.7424286e+03
   2.9814286e+03
   3.2821429e+03
   3.5124286e+03
   4.2218571e+03
   5.0090000e+03
   6.4214286e+03
   7.8332857e+03
   9.0750000e+03
   9.3695714e+03
   9.5257143e+03
   9.3534286e+03
   8.9178571e+03
   9.2092857e+03
   9.5210000e+03
   9.7094286e+03
   9.8961429e+03
   9.5465714e+03
   9.4628571e+03
   1.0192000e+04
   1.0286857e+04
   9.7424286e+03
   9.3902857e+03
   8.9907143e+03
   9.2491429e+03
   9.4240000e+03
   9.1032857e+03
   8.2644286e+03
   7.9148571e+03
   7.3530000e+03
   7.2907143e+03
   7.2315714e+03
   7.0850000e+03
   6.7872857e+03
   6.5712857e+03
   6.1787143e+03
   5.7715714e+03
   5.5707143e+03
   5.4691429e+03
   5.4078571e+03
   5.1202857e+03
   4.8811429e+03
   4.8070000e+03
   4.8585714e+03
   4.8195714e+03
   4.7524286e+03
   4.5868571e+03
   4.5352857e+03
   4.4304286e+03
   4.1982857e+03
   4.0344286e+03
   3.8774286e+03
   3.8074286e+03
   3.6701429e+03
   3.6835714e+03
   3.6240000e+03
   3.6377143e+03
   3.5608571e+03
   3.5681429e+03
   4.0216667e+03
   3.8488000e+03
   3.4957500e+03
