   3.3250000e-01
   3.4400000e-01
   3.4000000e-01
   3.3714286e-01
   3.3000000e-01
   3.2857143e-01
   3.3000000e-01
   3.2857143e-01
   3.2714286e-01
   3.2571429e-01
   3.2428571e-01
   3.2428571e-01
   3.1714286e-01
   3.1285714e-01
   3.1285714e-01
   3.0714286e-01
   3.1142857e-01
   3.2142857e-01
   3.3428571e-01
   3.6000000e-01
   3.8285714e-01
   4.1571429e-01
   4.4714286e-01
   4.7428571e-01
   4.9857143e-01
   5.2000000e-01
   5.3714286e-01
   5.5142857e-01
   5.5000000e-01
   5.5428571e-01
   5.6000000e-01
   5.6142857e-01
   5.6285714e-01
   5.6428571e-01
   5.6857143e-01
   5.7285714e-01
   5.6571429e-01
   5.5857143e-01
   5.5142857e-01
   5.4000000e-01
   5.4000000e-01
   5.3428571e-01
   5.3285714e-01
   5.2714286e-01
   5.2428571e-01
   5.2285714e-01
   5.2428571e-01
   5.1428571e-01
   5.1285714e-01
   5.1285714e-01
   5.1428571e-01
   5.2428571e-01
   5.2142857e-01
   5.2000000e-01
   5.1857143e-01
   5.1714286e-01
   5.1714286e-01
   5.1285714e-01
   5.0000000e-01
   5.0000000e-01
   4.9857143e-01
   5.0857143e-01
   5.0857143e-01
   5.0857143e-01
   5.0857143e-01
   5.0857143e-01
   5.0714286e-01
   5.0857143e-01
   4.9571429e-01
   4.9285714e-01
   4.8714286e-01
   4.8857143e-01
   4.8857143e-01
   4.9000000e-01
   4.9142857e-01
   4.9428571e-01
   4.9714286e-01
   5.0000000e-01
   5.0142857e-01
   5.0285714e-01
   5.0714286e-01
   5.1142857e-01
   5.1285714e-01
   5.1428571e-01
   5.1571429e-01
   5.2000000e-01
   5.2000000e-01
   5.1714286e-01
   5.1285714e-01
   5.1142857e-01
   5.1000000e-01
   5.0714286e-01
   5.0142857e-01
   5.0285714e-01
   5.0285714e-01
   5.0285714e-01
   5.0285714e-01
   5.0142857e-01
   4.9857143e-01
   4.9714286e-01
   4.9428571e-01
   4.9285714e-01
   4.9142857e-01
   4.9000000e-01
   4.8714286e-01
   4.8857143e-01
   4.8857143e-01
   4.8857143e-01
   4.8714286e-01
   4.8428571e-01
   4.8285714e-01
   4.8142857e-01
   4.8000000e-01
   4.7857143e-01
   4.7714286e-01
   4.7714286e-01
   4.7571429e-01
   4.7571429e-01
   4.7714286e-01
   4.7714286e-01
   4.7714286e-01
   4.7571429e-01
   4.7428571e-01
   4.7571429e-01
   4.7428571e-01
   4.7142857e-01
   4.7000000e-01
   4.6857143e-01
   4.6857143e-01
   4.6714286e-01
   4.6714286e-01
   4.6714286e-01
   4.6714286e-01
   4.6714286e-01
   4.6571429e-01
   4.6571429e-01
   4.6714286e-01
   4.6714286e-01
   4.6571429e-01
   4.6428571e-01
   4.6428571e-01
   4.6285714e-01
   4.6000000e-01
   4.5571429e-01
   4.5142857e-01
   4.4857143e-01
   4.4714286e-01
   4.4714286e-01
   4.4714286e-01
   4.4571429e-01
   4.4714286e-01
   4.4857143e-01
   4.5000000e-01
   4.5000000e-01
   4.4857143e-01
   4.4714286e-01
   4.4714286e-01
   4.4571429e-01
   4.4285714e-01
   4.4000000e-01
   4.3714286e-01
   4.3285714e-01
   4.3285714e-01
   4.3428571e-01
   4.3285714e-01
   4.3428571e-01
   4.3571429e-01
   4.4000000e-01
   4.4714286e-01
   4.4857143e-01
   4.4857143e-01
   4.5000000e-01
   4.5142857e-01
   4.5142857e-01
   4.5285714e-01
   4.5142857e-01
   4.5000000e-01
   4.5000000e-01
   4.5000000e-01
   4.4857143e-01
   4.4714286e-01
   4.4142857e-01
   4.3857143e-01
   4.3857143e-01
   4.3714286e-01
   4.3571429e-01
   4.3428571e-01
   4.3285714e-01
   4.3285714e-01
   4.3000000e-01
   4.4000000e-01
   4.3857143e-01
   4.3857143e-01
   4.3857143e-01
   4.3857143e-01
   4.3857143e-01
   4.4000000e-01
   4.2857143e-01
   4.2857143e-01
   4.2857143e-01
   4.2857143e-01
   4.3000000e-01
   4.3000000e-01
   4.3142857e-01
   4.3285714e-01
   4.3428571e-01
   4.3428571e-01
   4.3428571e-01
   4.3428571e-01
   4.3285714e-01
   4.3000000e-01
   4.2857143e-01
   4.2714286e-01
   4.2571429e-01
   4.2428571e-01
   4.2285714e-01
   4.2285714e-01
   4.2428571e-01
   4.2285714e-01
   4.2142857e-01
   4.2000000e-01
   4.2000000e-01
   4.2142857e-01
   4.2142857e-01
   4.1857143e-01
   4.3000000e-01
   4.2857143e-01
   4.3000000e-01
   4.3000000e-01
   4.3142857e-01
   4.3285714e-01
   4.3571429e-01
   4.2428571e-01
   4.2571429e-01
   4.2571429e-01
   4.2428571e-01
   4.2142857e-01
   4.2142857e-01
   4.2142857e-01
   4.2142857e-01
   4.2142857e-01
   4.2000000e-01
   4.2000000e-01
   4.2142857e-01
   4.2285714e-01
   4.2142857e-01
   4.3285714e-01
   4.3142857e-01
   4.3142857e-01
   4.3000000e-01
   4.2714286e-01
   4.2428571e-01
   4.2285714e-01
   4.1000000e-01
   4.1000000e-01
   4.1000000e-01
   4.1000000e-01
   4.1000000e-01
   4.1000000e-01
   4.0714286e-01
   4.0714286e-01
   4.0857143e-01
   4.0857143e-01
   4.1000000e-01
   4.1142857e-01
   4.1142857e-01
   4.1428571e-01
   4.1428571e-01
   4.1285714e-01
   4.1285714e-01
   4.1285714e-01
   4.1142857e-01
   4.1142857e-01
   4.0857143e-01
   4.0714286e-01
   4.0571429e-01
   4.0428571e-01
   4.0285714e-01
   4.0142857e-01
   4.0000000e-01
   4.0142857e-01
   4.0142857e-01
   4.0285714e-01
   4.0142857e-01
   4.0142857e-01
   4.0285714e-01
   4.0142857e-01
   4.0000000e-01
   4.0000000e-01
   3.9857143e-01
   4.0000000e-01
   3.9857143e-01
   3.9714286e-01
   3.9571429e-01
   3.9428571e-01
   3.9428571e-01
   3.9428571e-01
   3.9428571e-01
   4.0000000e-01
   4.1285714e-01
   4.2428571e-01
   4.3285714e-01
   4.3571429e-01
   4.3857143e-01
   4.4000000e-01
   4.4571429e-01
   4.4714286e-01
   4.5000000e-01
   4.5142857e-01
   4.5000000e-01
   4.4857143e-01
   4.5142857e-01
   4.4428571e-01
   4.3142857e-01
   4.2428571e-01
   4.2000000e-01
   4.2000000e-01
   4.2000000e-01
   4.1714286e-01
   4.1571429e-01
   4.1571429e-01
   4.1285714e-01
   4.1000000e-01
   4.1000000e-01
   4.0857143e-01
   4.0857143e-01
   4.0857143e-01
   4.0714286e-01
   4.0571429e-01
   4.0714286e-01
   4.1714286e-01
   4.1571429e-01
   4.1285714e-01
   4.1142857e-01
   4.1142857e-01
   4.1285714e-01
   4.1285714e-01
   4.0142857e-01
   4.0285714e-01
   4.0285714e-01
   4.0142857e-01
   4.0000000e-01
   3.9857143e-01
   3.9857143e-01
   3.9857143e-01
   3.9857143e-01
   3.9857143e-01
   3.9857143e-01
   3.9857143e-01
   3.9857143e-01
   4.0000000e-01
   4.0142857e-01
   4.0285714e-01
   4.0285714e-01
   4.0285714e-01
   4.0285714e-01
   4.0142857e-01
   3.9857143e-01
   3.9571429e-01
   3.9285714e-01
   3.9571429e-01
   3.9571429e-01
   3.9571429e-01
   3.9714286e-01
   3.9857143e-01
   3.9857143e-01
   3.9857143e-01
   3.9714286e-01
   3.9857143e-01
   4.0000000e-01
   4.0428571e-01
   4.0857143e-01
   4.1285714e-01
   4.1714286e-01
   4.2000000e-01
   4.2285714e-01
   4.2571429e-01
   4.2714286e-01
   4.2571429e-01
   4.2714286e-01
   4.3000000e-01
   4.3285714e-01
   4.3571429e-01
   4.3857143e-01
   4.4000000e-01
   4.4285714e-01
   4.4285714e-01
   4.4285714e-01
   4.4142857e-01
   4.4000000e-01
   4.4000000e-01
   4.3857143e-01
   4.3714286e-01
   4.4000000e-01
   4.4142857e-01
   4.4285714e-01
   4.4428571e-01
   4.5142857e-01
   4.5142857e-01
   4.5142857e-01
   4.5000000e-01
   4.4714286e-01
   4.4571429e-01
   4.4285714e-01
   4.3285714e-01
   4.3000000e-01
   4.2857143e-01
   4.2428571e-01
   4.2428571e-01
   4.2285714e-01
   4.2285714e-01
   4.2428571e-01
   4.2428571e-01
   4.2428571e-01
   4.2571429e-01
   4.2428571e-01
   4.3428571e-01
   4.3142857e-01
   4.3142857e-01
   4.3142857e-01
   4.3000000e-01
   4.3000000e-01
   4.2857143e-01
   4.1714286e-01
   4.1714286e-01
   4.1571429e-01
   4.1571429e-01
   4.1428571e-01
   4.1142857e-01
   4.1000000e-01
   4.0857143e-01
   4.0714286e-01
   4.0428571e-01
   4.0000000e-01
   3.9714286e-01
   3.9714286e-01
   3.9714286e-01
   3.9714286e-01
   3.9857143e-01
   3.9857143e-01
   4.0000000e-01
   4.0285714e-01
   4.0285714e-01
   4.0285714e-01
   4.0285714e-01
   4.0142857e-01
   4.0142857e-01
   4.0285714e-01
   4.0285714e-01
   4.0285714e-01
   4.0285714e-01
   4.0285714e-01
   4.0428571e-01
   4.0428571e-01
   4.0285714e-01
   4.0285714e-01
   4.0285714e-01
   4.0285714e-01
   4.0285714e-01
   4.0857143e-01
   4.0857143e-01
   4.0714286e-01
   4.0571429e-01
   4.0428571e-01
   4.0428571e-01
   4.0285714e-01
   3.9571429e-01
   3.9428571e-01
   3.9428571e-01
   3.9428571e-01
   3.9428571e-01
   3.9285714e-01
   3.9285714e-01
   3.9285714e-01
   3.9285714e-01
   3.9285714e-01
   3.9285714e-01
   3.9428571e-01
   3.9571429e-01
   3.9571429e-01
   3.9571429e-01
   3.9571429e-01
   3.9571429e-01
   3.9428571e-01
   3.9142857e-01
   3.9142857e-01
   3.9142857e-01
   3.9142857e-01
   3.9142857e-01
   3.9000000e-01
   3.9000000e-01
   3.9142857e-01
   3.9000000e-01
   3.9000000e-01
   3.8857143e-01
   3.9285714e-01
   3.9285714e-01
   3.9285714e-01
   3.9142857e-01
   3.9142857e-01
   3.9142857e-01
   3.9285714e-01
   3.8857143e-01
   3.9000000e-01
   3.9000000e-01
   3.9142857e-01
   3.9142857e-01
   3.9142857e-01
   3.9142857e-01
   3.9142857e-01
   3.9000000e-01
   3.8857143e-01
   3.8857143e-01
   3.8857143e-01
   3.9000000e-01
   3.9000000e-01
   3.9000000e-01
   3.9285714e-01
   3.9428571e-01
   3.9285714e-01
   3.9285714e-01
   3.9000000e-01
   3.8857143e-01
   3.8714286e-01
   3.8428571e-01
   3.8142857e-01
   3.8142857e-01
   3.8000000e-01
   3.8000000e-01
   3.8000000e-01
   3.8000000e-01
   3.8000000e-01
   3.8142857e-01
   3.8142857e-01
   3.8142857e-01
   3.8000000e-01
   3.7857143e-01
   3.7857143e-01
   3.7714286e-01
   3.7714286e-01
   3.7714286e-01
   3.7714286e-01
   3.7714286e-01
   3.7714286e-01
   3.7714286e-01
   3.8000000e-01
   3.8000000e-01
   3.8000000e-01
   3.8000000e-01
   3.8000000e-01
   3.8142857e-01
   3.8142857e-01
   3.7571429e-01
   3.7571429e-01
   3.7571429e-01
   3.8285714e-01
   3.8285714e-01
   3.8142857e-01
   3.8142857e-01
   3.8285714e-01
   3.8142857e-01
   3.8000000e-01
   3.7285714e-01
   3.7285714e-01
   3.7428571e-01
   3.7285714e-01
   3.7142857e-01
   3.7142857e-01
   3.7142857e-01
   3.7000000e-01
   3.7000000e-01
   3.6857143e-01
   3.6857143e-01
   3.7142857e-01
   3.7000000e-01
   3.7000000e-01
   3.6857143e-01
   3.6857143e-01
   3.7142857e-01
   3.7428571e-01
   3.7428571e-01
   3.8000000e-01
   3.8428571e-01
   3.8857143e-01
   3.9142857e-01
   3.9142857e-01
   3.9285714e-01
   3.9571429e-01
   3.9571429e-01
   3.9714286e-01
   4.0857143e-01
   4.0857143e-01
   4.0857143e-01
   4.0571429e-01
   4.0714286e-01
   4.1000000e-01
   4.0857143e-01
   3.9857143e-01
   4.0000000e-01
   3.9714286e-01
   3.9857143e-01
   3.9714286e-01
   3.9571429e-01
   3.9428571e-01
   3.9285714e-01
   3.9142857e-01
   3.9142857e-01
   3.9142857e-01
   3.9285714e-01
   3.9285714e-01
   3.9714286e-01
   4.0571429e-01
   4.0571429e-01
   4.0857143e-01
   4.0857143e-01
   4.0714286e-01
   4.0571429e-01
   4.0142857e-01
   3.9142857e-01
   3.9142857e-01
   3.9142857e-01
   3.9000000e-01
   3.9000000e-01
   3.9000000e-01
   4.0142857e-01
   4.0285714e-01
   4.0285714e-01
   4.0285714e-01
   4.0428571e-01
   4.0571429e-01
   4.0571429e-01
   3.9428571e-01
   3.9285714e-01
   3.9142857e-01
   3.9000000e-01
   3.8857143e-01
   3.8571429e-01
   3.8428571e-01
   3.8285714e-01
   3.8285714e-01
   3.8142857e-01
   3.8000000e-01
   3.7857143e-01
   3.7857143e-01
   3.7714286e-01
   3.7714286e-01
   3.7857143e-01
   3.8000000e-01
   3.8000000e-01
   3.8000000e-01
   3.7857143e-01
   3.7857143e-01
   3.7857143e-01
   3.7857143e-01
   3.7857143e-01
   3.8000000e-01
   3.8142857e-01
   3.8142857e-01
   3.8142857e-01
   3.8142857e-01
   3.8000000e-01
   3.8000000e-01
   3.8000000e-01
   3.8714286e-01
   3.9714286e-01
   4.0428571e-01
   4.1000000e-01
   4.1571429e-01
   4.2000000e-01
   4.2142857e-01
   4.2428571e-01
   4.2000000e-01
   4.0600000e-01
   4.0500000e-01
